7 8 Triangle 1 110
28.25 182.0555419921875
25.4375 181.49993896484375
24.1875 181.22216796875
24.1875 180.388916015625
24.8125 179.8333740234375
25.75 178.72222900390625
26.6875 177.33331298828125
27.9375 175.388916015625
29.8125 172.88897705078125
32.0 169.8333740234375
34.1875 166.2222900390625
36.6875 162.05560302734375
39.8125 157.33331298828125
43.25 151.77783203125
47.0 145.9444580078125
51.375 139.27777099609375
55.75 132.61114501953125
60.75 126.66668701171875
65.75 119.1666259765625
70.75 111.111083984375
75.75 102.77777099609375
80.75 94.72216796875
85.75 86.6666259765625
90.75 78.888916015625
95.75 71.38885498046875
100.4375 64.4444580078125
104.8125 58.0555419921875
108.5625 52.50006103515625
112.0 47.50006103515625
115.125 43.0555419921875
117.9375 39.1666259765625
120.75 35.5555419921875
123.875 32.9444580078125
127.0 29.3333740234375
130.125 25.72222900390625
133.25 22.11114501953125
136.375 19.3333740234375
139.1875 16.83331298828125
141.6875 14.88885498046875
143.875 13.22222900390625
145.75 12.111083984375
147.3125 11.5555419921875
148.875 12.388916015625
149.5 13.7777099609375
148.5625 17.9444580078125
147.9375 20.1666259765625
147.0 22.66668701171875
146.0625 25.1666259765625
145.125 27.388916015625
144.1875 29.3333740234375
143.5625 31.0
142.9375 32.66668701171875
142.3125 34.05560302734375
142.0 34.1666259765625
141.6875 35.27777099609375
142.0 38.611083984375
142.625 40.0
143.5625 41.66668701171875
144.8125 43.88885498046875
146.6875 46.66668701171875
148.875 50.55548095703125
151.375 55.0
153.875 60.2777099609375
156.375 66.38885498046875
158.5625 73.0555419921875
160.75 80.2777099609375
162.9375 87.22222900390625
165.125 94.4444580078125
167.3125 101.38885498046875
169.5 108.3333740234375
171.6875 115.00006103515625
173.5625 121.111083984375
175.4375 126.9444580078125
177.0 131.22222900390625
178.5625 135.9444580078125
179.8125 140.111083984375
181.0625 143.7222900390625
182.3125 146.77783203125
183.25 149.27777099609375
184.1875 151.49993896484375
184.8125 153.1666259765625
185.4375 154.27777099609375
185.75 155.11114501953125
184.8125 155.66668701171875
183.875 155.11114501953125
182.9375 154.833251953125
182.0 154.27777099609375
180.75 154.0
179.5 153.72222900390625
177.9375 153.44451904296875
176.375 153.1666259765625
174.5 152.88885498046875
167.0 152.611083984375
160.75 152.3333740234375
153.5625 152.05560302734375
129.5 151.77783203125
124.5625 151.49993896484375
118.3125 151.22216796875
81.125 151.49993896484375
74.875 152.05560302734375
68.625 153.1666259765625
63.0 154.5555419921875
57.6875 156.22216796875
53.0 157.33331298828125
48.625 158.44451904296875
44.875 159.27777099609375
41.75 159.5555419921875
39.25 159.27777099609375
37.375 158.44451904296875
38.0625 156.22216796875
1 107
45.875 172.611083984375
44.625 171.22216796875
43.6875 172.33331298828125
44.0 173.4444580078125
44.9375 172.611083984375
45.5625 170.94439697265625
46.5 168.72222900390625
47.75 165.94439697265625
49.3125 162.611083984375
51.1875 158.72222900390625
53.6875 153.72222900390625
56.5 148.44451904296875
60.25 142.611083984375
64.0 136.49993896484375
68.0625 130.111083984375
72.4375 124.1666259765625
76.5 116.66668701171875
80.25 108.888916015625
84.0 101.111083984375
87.4375 93.61114501953125
90.5625 86.38885498046875
93.375 79.72222900390625
96.1875 73.611083984375
98.6875 68.0555419921875
101.1875 62.77777099609375
103.375 58.0555419921875
105.5625 54.16668701171875
107.75 50.8333740234375
109.9375 48.0555419921875
112.125 45.8333740234375
114.3126220703125 44.166748046875
116.5 43.33331298828125
118.6873779296875 42.77783203125
122.7501220703125 43.33331298828125
124.0 44.4444580078125
125.2501220703125 45.8333740234375
126.1873779296875 47.50006103515625
126.5 49.72222900390625
126.8125 52.22216796875
127.1248779296875 56.94439697265625
127.4375 59.16668701171875
128.0625 61.388916015625
128.6873779296875 63.611083984375
129.6248779296875 65.8333740234375
130.5625 68.0555419921875
132.1248779296875 70.2777099609375
134.0 72.5
136.1876220703125 74.72222900390625
139.0 77.5
141.8125 80.2777099609375
144.9375 83.33331298828125
148.0625 86.38885498046875
151.1876220703125 90.27783203125
154.3125 93.888916015625
157.4375 97.5
159.9375 101.111083984375
162.1251220703125 104.44439697265625
164.0 107.5
165.5623779296875 110.27783203125
167.1251220703125 112.77777099609375
168.375 115.00006103515625
169.6251220703125 117.22222900390625
171.1875 119.44439697265625
172.4375 121.38885498046875
173.375 123.3333740234375
174.3125 125.27777099609375
174.9375 126.22222900390625
175.5623779296875 127.88885498046875
175.875 129.5555419921875
176.1875 130.9444580078125
175.875 133.44439697265625
175.25 134.27777099609375
174.3125 135.111083984375
172.75 135.66668701171875
170.875 135.9444580078125
168.375 136.22222900390625
147.4375 136.49993896484375
144.6248779296875 136.7777099609375
142.1248779296875 137.3333740234375
139.3125 137.88885498046875
136.1876220703125 138.44439697265625
132.7501220703125 139.0
129.6248779296875 139.5555419921875
127.1873779296875 139.83331298828125
123.7501220703125 140.111083984375
113.4375 139.83331298828125
110.0 139.5555419921875
106.5625 139.27777099609375
93.4375 139.83331298828125
90.0 140.388916015625
86.5625 141.22222900390625
83.125 142.05560302734375
80.0 143.1666259765625
76.875 144.27777099609375
74.0625 145.11114501953125
71.25 145.9444580078125
68.4375 146.77783203125
65.9375 147.3333740234375
63.75 147.88885498046875
61.875 148.1666259765625
60.0 147.88885498046875
58.125 147.611083984375
56.5625 146.77783203125
55.625 145.9444580078125
54.6875 145.11114501953125
54.0625 144.5555419921875
54.375 143.44451904296875
2 3
151.6251220703125 141.7777099609375
151.3125 141.49993896484375
151.0 141.22222900390625
126
150.6875 140.66668701171875
150.0623779296875 140.111083984375
149.4375 139.27777099609375
149.1251220703125 138.1666259765625
148.5 136.7777099609375
147.875 135.111083984375
147.25 133.1666259765625
146.3125 130.66668701171875
145.375 127.88885498046875
144.1251220703125 125.111083984375
142.875 122.05548095703125
141.0 118.72216796875
138.8125 114.83331298828125
136.6248779296875 110.38885498046875
134.4375 105.666748046875
132.25 100.38885498046875
130.0625 94.83331298828125
127.875 90.55560302734375
125.6876220703125 84.99993896484375
123.5 79.99993896484375
121.3125 74.99993896484375
119.1248779296875 70.2777099609375
116.9375 65.8333740234375
114.4375 61.6666259765625
111.9375 57.77777099609375
109.7501220703125 54.4444580078125
107.2501220703125 51.6666259765625
105.0625 49.166748046875
102.5625 46.94439697265625
100.375 45.27777099609375
99.1873779296875 43.88885498046875
97.0 42.77783203125
94.8126220703125 41.94439697265625
92.9375 41.11114501953125
91.0625 40.5555419921875
89.1873779296875 40.0
87.3126220703125 39.4444580078125
85.7498779296875 39.1666259765625
84.1875 38.88885498046875
80.4375 39.1666259765625
78.875 39.72222900390625
77.9375 40.27777099609375
76.6875 41.11114501953125
75.4375 42.22216796875
74.1875 43.33331298828125
72.625 44.72222900390625
70.7498779296875 46.66668701171875
68.8751220703125 48.88885498046875
66.6875 51.6666259765625
64.1875 54.72222900390625
61.3751220703125 57.77777099609375
58.5625 61.11114501953125
55.125 64.72222900390625
51.6875 68.611083984375
47.9376220703125 73.0555419921875
43.8748779296875 77.77777099609375
39.8125 82.5
35.75 86.5
32.0 91.5
28.5625 95.94451904296875
25.4376220703125 100.111083984375
22.3125 104.00006103515625
19.5001220703125 107.3333740234375
17.0001220703125 110.38885498046875
14.5001220703125 113.1666259765625
12.3125 115.38885498046875
10.125 117.3333740234375
8.25 119.00006103515625
6.6875 120.38885498046875
5.125 121.5
3.5626220703125 122.3333740234375
2.625 122.888916015625
1.6875 123.44439697265625
1.75 123.7222900390625
1.125 124.00006103515625
0.8125 124.27777099609375
1.125 125.66668701171875
1.4373779296875 125.9444580078125
1.75 126.22222900390625
2.0626220703125 126.5
2.375 126.7777099609375
1.6875 127.05560302734375
2.3125 127.3333740234375
2.625 127.88885498046875
3.25 128.44439697265625
4.1875 129.00006103515625
5.125 129.83331298828125
6.375 130.9444580078125
8.25 132.3333740234375
10.125 134.0
12.3125 136.22222900390625
15.125 138.44439697265625
18.5625 140.388916015625
22.3125 142.3333740234375
27.0001220703125 144.27777099609375
32.0 145.9444580078125
37.625 147.3333740234375
43.25 148.44451904296875
49.1875 149.0
55.4375 149.5555419921875
62.0 149.83331298828125
68.8751220703125 150.11114501953125
82.625 149.83331298828125
89.1873779296875 149.27777099609375
95.4375 148.72222900390625
100.6873779296875 148.44451904296875
106.625 147.88885498046875
112.2501220703125 147.3333740234375
117.5625 146.77783203125
122.2501220703125 146.49993896484375
126.3125 146.22222900390625
129.75 145.9444580078125
136.0 146.22222900390625
137.25 146.49993896484375
138.1876220703125 146.77783203125
138.8125 147.05560302734375
139.4375 147.3333740234375
140.0623779296875 147.611083984375
140.375 147.88885498046875
140.6876220703125 148.1666259765625
141.9375 148.1666259765625
142.25 147.88885498046875
142.5623779296875 147.611083984375
142.875 147.05560302734375
143.1876220703125 145.9444580078125
143.5 143.7222900390625
1 103
41.375 157.27783203125
42.625 153.6666259765625
43.25 151.7222900390625
45.4375 148.111083984375
46.375 146.4443359375
48.25 144.2222900390625
50.75 141.4444580078125
54.1875 138.1112060546875
58.25 134.2222900390625
62.625 129.5
67.3125 124.22216796875
72.0 118.388916015625
76.6875 112.27783203125
81.375 105.611083984375
86.0625 98.666748046875
91.0625 92.444580078125
95.75 85.2222900390625
100.125 78.2777099609375
104.5 71.888916015625
108.5625 65.5
112.0 59.666748046875
115.4375 54.111083984375
118.5625 49.111083984375
121.375 44.388916015625
124.1875 40.2222900390625
127.0 36.6112060546875
129.8125 33.5556640625
132.3125 31.0555419921875
134.8125 28.833251953125
137.3125 27.166748046875
139.5 26.0555419921875
141.375 25.22216796875
142.9375 24.6666259765625
145.4375 25.22216796875
146.0625 26.3333740234375
146.375 28.2777099609375
146.0625 33.8333740234375
145.4375 37.4444580078125
144.8125 41.333251953125
144.1875 45.22216796875
143.875 49.666748046875
144.1875 54.6666259765625
144.8125 59.9444580078125
145.75 65.22216796875
147.3125 70.7777099609375
149.5 75.7777099609375
151.6875 80.5
154.1875 85.2222900390625
157.0 89.666748046875
159.5 94.111083984375
162.0 98.5555419921875
164.5 102.0
167.0 106.4444580078125
169.5 110.888916015625
172.0 115.3333740234375
174.1875 119.5
176.0625 123.3887939453125
177.9375 127.0
179.1875 130.3333740234375
180.125 133.388916015625
180.75 135.888916015625
181.0625 137.8333740234375
180.4375 141.166748046875
179.5 142.0
178.25 142.5555419921875
176.6875 143.111083984375
174.8125 143.6666259765625
172.9375 144.2222900390625
170.4375 144.77783203125
167.9375 145.0555419921875
165.125 145.611083984375
162.0 145.8887939453125
158.875 146.1666259765625
155.75 146.4443359375
145.125 146.1666259765625
141.6875 145.611083984375
138.25 144.77783203125
134.8125 143.6666259765625
130.75 142.5555419921875
127.6875 141.166748046875
123.3125 140.0555419921875
118.625 138.9444580078125
113.9375 138.1112060546875
109.5625 137.5556640625
105.1875 137.2777099609375
97.0625 137.5556640625
92.6875 138.1112060546875
88.0 138.9444580078125
83.625 140.0555419921875
78.9375 141.4444580078125
74.5625 142.833251953125
70.5 144.2222900390625
66.4375 145.3333740234375
62.6875 146.1666259765625
59.25 146.7222900390625
56.125 147.0
50.8125 146.7222900390625
48.625 146.1666259765625
47.0625 145.611083984375
45.8125 144.77783203125
45.1875 143.9444580078125
44.875 143.388916015625
45.1875 143.111083984375
1 118
81.1875 29.5
80.25 28.944580078125
80.5625 30.3333740234375
81.1875 31.1666259765625
82.125 32.27783203125
83.0625 33.6666259765625
84.3125 35.0555419921875
85.5625 37.0
86.8125 38.944580078125
88.0625 41.1666259765625
89.3125 43.388916015625
90.5625 45.6112060546875
91.5 48.111083984375
92.4375 50.8887939453125
93.375 53.9443359375
94.625 57.555419921875
95.875 61.4444580078125
97.4375 65.888916015625
99.3125 70.888916015625
101.5 75.888916015625
104.0 81.1666259765625
106.8125 87.5555419921875
109.9375 93.9444580078125
113.375 100.611083984375
116.8125 107.5555419921875
119.9375 114.22216796875
123.0625 120.3333740234375
125.875 126.1666259765625
128.0625 131.166748046875
129.9375 135.611083984375
131.5 139.5
132.7501220703125 143.111083984375
133.375 146.1666259765625
134.0 149.22216796875
134.3125 151.4444580078125
134.0 159.22216796875
133.6876220703125 160.888916015625
133.375 162.833251953125
132.7501220703125 164.77783203125
132.1248779296875 166.72216796875
131.5 168.6666259765625
130.875 170.333251953125
130.2501220703125 171.72216796875
129.6248779296875 172.833251953125
129.0 173.9444580078125
128.375 174.5
127.7501220703125 175.0555419921875
126.1873779296875 174.77783203125
125.2501220703125 174.5
124.3125 173.666748046875
123.375 172.833251953125
122.125 172.0
121.1873779296875 171.166748046875
119.9375 170.6112060546875
118.6873779296875 170.0555419921875
117.125 169.77783203125
115.2501220703125 169.4998779296875
110.5625 170.0555419921875
107.75 170.6112060546875
104.9375 171.166748046875
101.8125 171.72216796875
98.375 172.2777099609375
94.625 172.5555419921875
86.1875 172.2777099609375
82.5 171.72216796875
77.5 170.888916015625
72.5 170.0555419921875
67.5 169.4998779296875
62.8125 168.9444580078125
57.5 168.6666259765625
52.8125 168.9444580078125
48.125 169.4998779296875
43.75 170.333251953125
39.6875 171.166748046875
35.9375 172.2777099609375
32.5 173.388916015625
29.6875 174.5
27.1875 175.333251953125
25.0 176.166748046875
23.125 176.72216796875
21.5625 177.27783203125
20.3125 177.5555419921875
17.8125 177.27783203125
17.1875 177.0001220703125
16.875 176.72216796875
16.5625 176.166748046875
16.25 175.611083984375
16.5625 175.77783203125
16.875 176.0555419921875
17.5 175.77783203125
17.8125 174.388916015625
18.125 171.6112060546875
18.4375 169.388916015625
18.75 166.611083984375
19.0625 163.2777099609375
19.375 159.388916015625
19.6875 154.944580078125
20.3125 150.4998779296875
21.25 145.2222900390625
22.5 139.6666259765625
24.375 133.2777099609375
26.875 126.611083984375
29.6875 119.666748046875
32.8125 112.7222900390625
36.25 105.22216796875
39.375 97.72216796875
42.5 90.5
45.625 83.8333740234375
48.4375 77.4444580078125
51.25 71.888916015625
53.75 67.1666259765625
56.25 63.0001220703125
58.4375 59.666748046875
60.625 57.166748046875
62.1875 55.22216796875
63.75 53.8333740234375
65.0 52.72216796875
66.25 51.8887939453125
1 120
57.25 34.72216796875
58.1875 35.0
58.5 35.5555419921875
59.125 35.833251953125
59.75 36.111083984375
60.3751220703125 36.388916015625
61.3123779296875 36.9444580078125
62.5625 37.5
64.125 38.0555419921875
66.0 39.166748046875
68.1875 40.5555419921875
70.3751220703125 42.77783203125
72.8751220703125 45.8333740234375
75.6875 49.4444580078125
78.8126220703125 53.6112060546875
81.9375 58.0555419921875
84.7498779296875 62.7777099609375
87.5625 67.2222900390625
90.0625 71.9443359375
92.5625 76.388916015625
94.7501220703125 80.5555419921875
96.9375 84.4444580078125
99.125 88.0555419921875
101.0 91.3887939453125
102.875 94.4444580078125
104.7501220703125 97.5
106.625 100.5555419921875
108.8125 103.611083984375
111.0 106.9444580078125
113.1873779296875 110.0
115.375 113.3333740234375
117.2501220703125 116.9444580078125
119.4375 120.5555419921875
121.3125 124.7222900390625
122.875 129.166748046875
124.4375 133.8887939453125
125.6876220703125 138.888916015625
126.9375 143.8887939453125
127.875 148.6112060546875
128.5 152.77783203125
129.1248779296875 156.388916015625
129.4375 159.4444580078125
129.75 161.9444580078125
129.4375 166.111083984375
128.8125 166.388916015625
127.5625 166.111083984375
126.6248779296875 165.5555419921875
125.6876220703125 165.27783203125
124.75 165.0001220703125
124.1248779296875 164.72216796875
123.1876220703125 164.4444580078125
120.6876220703125 164.72216796875
120.375 165.0001220703125
120.6876220703125 163.611083984375
121.0 162.2222900390625
120.6876220703125 160.0
120.375 159.4444580078125
120.0625 159.166748046875
119.4375 158.6112060546875
118.8125 158.333251953125
118.1876220703125 158.0555419921875
116.0 158.333251953125
114.4375 158.888916015625
112.5625 159.4444580078125
110.6873779296875 160.2777099609375
108.1873779296875 161.388916015625
105.375 162.5
101.9375 163.8887939453125
97.5625 165.27783203125
92.875 166.388916015625
87.875 167.77783203125
83.875 168.888916015625
78.5625 170.0
73.8751220703125 170.8333740234375
68.8751220703125 171.388916015625
54.1875 171.111083984375
49.5 170.555419921875
45.4376220703125 170.0
42.0 169.4444580078125
38.8748779296875 168.6112060546875
36.0625 168.0555419921875
33.8748779296875 167.5
32.0 167.22216796875
30.4376220703125 166.9443359375
27.3125 167.22216796875
26.6875 167.77783203125
26.0625 168.3333740234375
25.75 168.6112060546875
25.4376220703125 168.888916015625
25.125 170.2777099609375
24.5001220703125 170.0
24.1875 169.4444580078125
23.8748779296875 168.888916015625
23.5625 168.0555419921875
23.25 166.6666259765625
22.9373779296875 165.0001220703125
23.25 143.611083984375
23.8748779296875 138.611083984375
24.8125 132.77783203125
26.3748779296875 126.6666259765625
28.25 120.2777099609375
30.4376220703125 114.611083984375
32.9376220703125 108.22216796875
35.75 102.111083984375
38.5625 95.9998779296875
42.0 89.888916015625
45.125 83.77783203125
48.25 77.9444580078125
51.0625 72.111083984375
53.8751220703125 66.2777099609375
56.3751220703125 61.27783203125
58.8751220703125 56.555419921875
61.0625 52.6666259765625
63.25 49.0555419921875
65.125 46.0
66.6875 43.77783203125
67.9375 42.388916015625
68.8751220703125 41.5555419921875
69.8123779296875 42.388916015625
69.5 43.77783203125
14 Vertical slash 1 54
21.5 124.0
21.1875 122.611083984375
21.5 121.22216796875
21.8125 120.66668701171875
22.125 120.388916015625
22.4375 119.8333740234375
22.75 119.5555419921875
23.0625 119.27777099609375
23.375 119.0
23.0625 119.27777099609375
22.75 120.11114501953125
22.4375 120.94439697265625
22.75 124.27777099609375
23.0625 125.11114501953125
23.6875 125.66668701171875
24.3125 125.94439697265625
27.4375 125.66668701171875
28.6875 125.388916015625
30.25 124.8333740234375
31.8125 124.27777099609375
33.375 123.72222900390625
35.25 123.166748046875
37.125 122.611083984375
39.0 122.33331298828125
40.5 122.0555419921875
51.125 122.33331298828125
54.25 122.611083984375
57.6875 123.166748046875
61.125 123.72222900390625
64.875 124.0
68.9375 124.27777099609375
81.125 124.0
86.125 123.4444580078125
91.75 122.88885498046875
97.6875 122.0555419921875
103.625 121.22216796875
109.5625 120.388916015625
115.5 119.5555419921875
121.75 118.72222900390625
128.0 118.1666259765625
134.25 117.88885498046875
152.0 118.1666259765625
158.25 118.4444580078125
190.4375 118.1666259765625
195.75 117.88885498046875
200.4375 117.611083984375
204.5 117.05560302734375
207.9375 116.77783203125
210.75 116.49993896484375
212.9375 116.22216796875
214.5 115.9444580078125
216.375 116.22216796875
216.6875 116.77783203125
217.0 117.33331298828125
1 39
35.1875 119.5555419921875
35.5 122.33331298828125
35.8125 123.166748046875
36.125 124.27777099609375
36.75 125.388916015625
37.6875 126.50006103515625
38.3125 127.611083984375
38.9375 128.4444580078125
39.5625 129.27777099609375
40.5 130.11114501953125
41.4375 130.6666259765625
42.375 131.22216796875
43.625 131.77783203125
44.875 132.33331298828125
46.4375 132.88885498046875
48.3125 133.4444580078125
50.8125 133.72222900390625
53.625 134.0
64.875 133.72222900390625
69.875 133.16668701171875
75.1875 132.611083984375
80.8125 132.0555419921875
86.4375 131.50006103515625
92.0625 130.94439697265625
97.375 130.388916015625
102.6873779296875 130.11114501953125
108.0 129.8333740234375
112.3125 129.55548095703125
117.3125 129.27777099609375
137.6251220703125 129.55548095703125
143.5623779296875 129.8333740234375
146.0623779296875 130.11114501953125
148.875 130.388916015625
151.0623779296875 130.6666259765625
153.5623779296875 131.22216796875
155.75 131.50006103515625
158.25 131.77783203125
160.75 132.0555419921875
165.4375 131.50006103515625
1 37
36.8123779296875 122.0555419921875
35.8751220703125 120.388916015625
35.5625 119.8333740234375
35.25 118.72222900390625
35.5625 117.05560302734375
35.8751220703125 116.22216796875
36.1875 115.9444580078125
36.5 115.66668701171875
36.8123779296875 115.388916015625
37.4375 115.66668701171875
38.0625 116.22216796875
38.6875 117.05560302734375
39.3123779296875 118.1666259765625
40.25 119.27777099609375
41.1875 120.388916015625
42.4375 121.50006103515625
44.0 122.33331298828125
45.8751220703125 123.166748046875
48.0625 123.72222900390625
50.2498779296875 124.0
59.3126220703125 123.72222900390625
63.0625 123.4444580078125
66.8126220703125 122.88885498046875
70.875 122.0555419921875
75.2501220703125 121.22216796875
79.9375 120.388916015625
84.9375 119.5555419921875
90.2501220703125 119.0
95.875 118.4444580078125
101.1876220703125 118.1666259765625
106.5 117.88885498046875
111.5 117.611083984375
148.0626220703125 117.33331298828125
151.8125 116.77783203125
154.9375 116.22216796875
157.75 115.388916015625
160.25 114.5555419921875
1 34
43.9375 82.5555419921875
44.875 80.3333740234375
45.5 79.5001220703125
47.0625 78.111083984375
47.6875 77.5555419921875
48.9375 77.0
50.1875 76.4444580078125
51.75 76.166748046875
53.625 75.888916015625
59.875 76.166748046875
62.0625 76.7222900390625
64.25 77.5555419921875
66.4375 78.3887939453125
68.9375 79.5001220703125
71.4375 80.611083984375
73.9375 81.4443359375
76.4375 82.27783203125
78.9375 82.8333740234375
81.75 83.388916015625
84.5625 83.6666259765625
94.875 83.388916015625
99.25 83.1112060546875
104.25 82.8333740234375
109.5625 82.5555419921875
114.875 82.0
120.8125 81.72216796875
127.375 81.4443359375
152.3125 81.72216796875
157.9375 82.0
163.25 82.5555419921875
167.9375 82.8333740234375
179.1875 82.5555419921875
182.0 81.4443359375
184.8125 79.5001220703125
1 42
20.3125 80.5001220703125
17.5 78.5555419921875
16.5625 78.0
15.625 77.166748046875
15.3125 76.888916015625
14.6875 76.611083984375
14.0625 76.3333740234375
13.125 76.888916015625
13.4375 81.888916015625
14.0625 83.5555419921875
15.0 85.22216796875
15.9375 86.888916015625
17.1875 88.5555419921875
17.75 89.9444580078125
19.3125 91.3333740234375
21.1875 92.7222900390625
23.375 94.1112060546875
25.875 95.22216796875
28.6875 96.3333740234375
32.125 97.7222900390625
35.875 98.5555419921875
39.625 99.388916015625
43.6875 99.9444580078125
48.0625 100.5
52.75 101.0555419921875
58.375 101.611083984375
63.6875 102.1666259765625
69.0 102.7222900390625
74.3125 103.2777099609375
79.3125 103.8333740234375
84.3125 104.111083984375
89.0 104.388916015625
102.75 104.111083984375
107.125 103.8333740234375
111.1873779296875 103.5556640625
114.9375 103.0
118.375 102.7222900390625
121.1873779296875 102.1666259765625
123.6873779296875 101.8887939453125
125.875 101.611083984375
127.7501220703125 101.3333740234375
129.3125 101.0555419921875
1 29
148.25 81.5556640625
147.3125 80.7222900390625
146.375 81.0
145.75 81.2777099609375
145.1251220703125 81.5556640625
144.1876220703125 82.1112060546875
142.9375 82.6666259765625
141.375 83.22216796875
139.1876220703125 83.5
137.0 83.7777099609375
134.5 84.0555419921875
121.6876220703125 84.3333740234375
117.9375 84.611083984375
113.875 84.888916015625
109.5 85.7222900390625
104.8125 86.0
99.8126220703125 86.2777099609375
94.5 86.5555419921875
88.875 86.833251953125
67.625 86.5555419921875
62.625 86.0
58.9375 84.888916015625
54.5625 84.0555419921875
50.1875 83.22216796875
46.125 82.388916015625
42.3748779296875 81.5556640625
38.9376220703125 81.0
35.8125 80.7222900390625
33.3125 80.4443359375
1 X 2 25
124.8125 42.61114501953125
122.3125 40.6666259765625
121.375 40.38885498046875
120.125 40.6666259765625
119.5 41.22222900390625
119.1875 41.77777099609375
118.5625 42.888916015625
117.9375 44.55560302734375
117.0 46.77777099609375
115.75 49.5555419921875
114.5 53.16668701171875
112.625 57.61114501953125
110.4375 62.888916015625
107.9375 68.44439697265625
105.125 74.5555419921875
102.0 81.7777099609375
98.5625 89.27777099609375
94.8125 97.3333740234375
90.75 105.66668701171875
86.0625 114.0
81.375 122.33331298828125
76.375 130.94439697265625
71.375 139.55560302734375
67.6875 147.611083984375
63.3125 154.55560302734375
18
48.625 79.0
50.8125 80.111083984375
54.25 82.05560302734375
56.125 83.44439697265625
59.5625 85.388916015625
64.25 88.44451904296875
69.5625 92.3333740234375
75.5 96.77783203125
82.0625 101.77783203125
88.9375 107.05560302734375
95.8125 112.0555419921875
102.0625 117.0555419921875
107.6875 121.77783203125
112.6875 126.22216796875
117.0625 130.6666259765625
121.125 135.38885498046875
124.5625 140.38885498046875
127.6875 145.6666259765625
2 21
36.8125 177.61114501953125
37.75 175.111083984375
38.375 173.44439697265625
39.625 170.9444580078125
40.25 169.27783203125
41.8125 166.5
43.6875 162.888916015625
46.1875 158.16668701171875
49.625 152.61114501953125
53.6875 146.77777099609375
58.6875 139.55560302734375
64.0 132.50006103515625
69.3125 124.16668701171875
74.625 115.8333740234375
79.625 107.49993896484375
84.3125 99.1666259765625
89.0 91.11114501953125
93.375 83.61114501953125
97.125 76.9444580078125
100.5625 71.66668701171875
103.6875 67.22222900390625
20
51.1875 76.5555419921875
50.875 75.7222900390625
51.8125 75.7222900390625
52.4375 76.27777099609375
53.6875 77.388916015625
55.5625 79.3333740234375
58.375 81.27777099609375
61.1875 83.7777099609375
64.625 87.388916015625
68.375 92.11114501953125
72.75 97.388916015625
77.125 103.77783203125
81.1875 110.1666259765625
85.25 116.55548095703125
89.3125 122.6666259765625
93.375 128.0555419921875
97.125 134.4444580078125
100.875 140.8333740234375
104.625 147.5
108.0625 153.33331298828125
2 27
26.9376220703125 49.27783203125
25.0625 48.44439697265625
24.125 48.72216796875
23.5001220703125 49.27783203125
23.8125 51.77777099609375
24.4376220703125 53.44439697265625
25.3748779296875 55.666748046875
26.9376220703125 58.1666259765625
28.8125 61.22222900390625
31.3125 64.83331298828125
34.125 69.00006103515625
37.25 73.44439697265625
40.6875 78.1666259765625
44.125 83.1666259765625
47.5625 88.7222900390625
51.3123779296875 94.83331298828125
55.0625 101.49993896484375
58.8123779296875 108.1666259765625
62.5625 115.11114501953125
66.625 122.88885498046875
70.3751220703125 130.94439697265625
73.8126220703125 139.0
76.9375 147.0555419921875
80.0625 153.99993896484375
82.5625 160.111083984375
85.0625 164.83331298828125
87.5625 168.16668701171875
21
21.0001220703125 163.72216796875
20.6875 158.99993896484375
21.625 157.0555419921875
23.5001220703125 153.72222900390625
24.4376220703125 152.0555419921875
26.3125 149.55560302734375
28.8125 146.5
32.25 142.888916015625
36.0 138.72222900390625
40.6875 133.4444580078125
45.6875 127.0555419921875
51.625 119.8333740234375
58.5 112.33331298828125
66.0 105.27777099609375
73.8126220703125 96.9444580078125
81.625 88.88885498046875
88.8126220703125 81.66668701171875
95.6873779296875 75.00006103515625
101.9375 70.00006103515625
107.2501220703125 65.83331298828125
111.0 62.5
2 27
51.375 58.9444580078125
50.75 59.22222900390625
51.0625 60.05560302734375
51.375 60.61114501953125
52.0 61.44439697265625
52.9375 62.5555419921875
54.1875 63.9444580078125
56.0625 65.611083984375
58.25 67.27777099609375
60.75 69.49993896484375
63.5625 72.27777099609375
67.0 75.3333740234375
70.4375 79.22216796875
74.1875 83.66668701171875
77.9375 88.94439697265625
82.0 94.50006103515625
86.0625 100.0555419921875
90.125 105.88885498046875
94.1875 112.0
98.25 118.11114501953125
102.3125 123.94439697265625
106.0625 129.5
109.5 134.5
112.625 138.94451904296875
115.4375 142.27783203125
117.9375 144.77777099609375
120.4375 146.16668701171875
24
41.6875 181.44439697265625
39.5 179.5
39.1875 178.66668701171875
38.875 177.83331298828125
39.1875 176.44439697265625
39.8125 175.3333740234375
40.75 173.66668701171875
42.0 171.44439697265625
43.875 168.66668701171875
46.375 165.3333740234375
49.8125 160.888916015625
54.1875 155.61114501953125
58.875 149.77777099609375
64.1875 143.38885498046875
69.5 136.4444580078125
75.125 129.5
81.0625 122.55560302734375
87.3125 116.33331298828125
93.5625 109.388916015625
100.125 102.72222900390625
106.375 96.611083984375
112.0 91.0555419921875
117.3125 85.77783203125
122.3125 79.66668701171875
2 24
48.6875 64.111083984375
47.4375 64.66668701171875
46.5 64.9444580078125
46.1875 65.7777099609375
46.5 67.7222900390625
47.4375 69.388916015625
48.6875 71.88885498046875
50.5625 74.388916015625
53.0625 77.44451904296875
55.875 81.05560302734375
59.625 84.9444580078125
63.375 88.8333740234375
67.125 93.0
70.875 96.88885498046875
74.9375 100.50006103515625
78.6875 103.8333740234375
82.125 106.88885498046875
85.25 109.6666259765625
88.0625 112.4444580078125
90.5625 115.2222900390625
93.0625 117.72222900390625
95.25 120.2222900390625
97.4375 122.72222900390625
99.3125 124.94439697265625
19
35.875 163.38885498046875
35.5625 157.5555419921875
36.5 154.22222900390625
38.0625 148.111083984375
39.0 146.333251953125
40.875 142.16668701171875
43.375 136.888916015625
46.5 131.33331298828125
50.5625 124.6666259765625
55.25 117.4444580078125
60.5625 109.6666259765625
65.875 102.16668701171875
71.5 95.22216796875
76.8125 88.27777099609375
81.8125 81.611083984375
86.8125 75.49993896484375
91.8125 69.66668701171875
96.5 64.66668701171875
100.25 59.9444580078125
2 23
45.5 33.22222900390625
45.8123779296875 34.05548095703125
46.125 34.61114501953125
47.0625 35.7222900390625
48.3123779296875 37.388916015625
50.5 39.88885498046875
53.0 43.22222900390625
56.125 47.111083984375
59.8751220703125 51.83331298828125
64.25 57.388916015625
69.2498779296875 64.611083984375
74.5625 72.66668701171875
79.875 80.72222900390625
85.5 89.0555419921875
90.5 97.6666259765625
95.1873779296875 105.72222900390625
98.5625 113.2222900390625
102.3125 118.888916015625
105.7501220703125 124.16668701171875
108.5625 128.61114501953125
111.0625 131.94451904296875
113.2501220703125 134.16668701171875
114.5 135.27783203125
21
30.4376220703125 159.7222900390625
29.5001220703125 157.5
29.8125 156.38885498046875
30.75 154.44439697265625
31.3748779296875 153.61114501953125
32.9376220703125 152.22222900390625
35.125 150.00006103515625
38.25 146.9444580078125
42.3123779296875 142.77777099609375
46.6875 137.5
52.0 131.38885498046875
58.25 124.72216796875
65.125 118.0555419921875
72.3126220703125 110.55560302734375
79.1875 102.77777099609375
86.375 95.72222900390625
92.2498779296875 87.94439697265625
98.8126220703125 80.72222900390625
104.7501220703125 73.77783203125
110.375 66.833251953125
114.1248779296875 59.3333740234375
15 Horizontal line 1 43
33.25 133.16668701171875
29.5 132.61114501953125
27.625 132.333251953125
25.75 131.77777099609375
23.5625 131.5
22.9375 131.22222900390625
22.625 130.94451904296875
22.9375 130.38885498046875
23.875 130.111083984375
25.125 129.8333740234375
35.75 130.111083984375
55.125 130.38885498046875
58.875 130.6666259765625
62.9375 130.94451904296875
67.0 131.22222900390625
71.375 131.5
75.75 131.77777099609375
80.125 131.5
84.8125 130.94451904296875
89.5 129.8333740234375
94.5 127.888916015625
99.5 125.6666259765625
104.1875 123.16668701171875
108.5625 120.38885498046875
112.625 117.0555419921875
116.375 113.16668701171875
119.8125 109.0
122.9375 104.55560302734375
126.0625 100.11114501953125
129.1875 95.6666259765625
132.0 91.50006103515625
135.125 87.611083984375
137.9375 84.27777099609375
140.75 82.77783203125
143.5625 80.5555419921875
146.0625 79.1666259765625
148.5625 78.33331298828125
151.6875 77.77783203125
154.5 77.49993896484375
160.125 77.77783203125
162.625 78.33331298828125
165.125 78.88885498046875
167.625 79.4444580078125
1 52
37.125 136.22222900390625
37.4375 136.5
37.75 136.77777099609375
38.375 137.333251953125
39.0 138.16668701171875
39.9375 138.99993896484375
40.875 140.111083984375
42.125 141.22222900390625
43.375 142.3333740234375
44.625 143.16668701171875
46.1875 144.00006103515625
47.75 144.83331298828125
49.625 145.38885498046875
51.8125 145.666748046875
56.8125 145.38885498046875
59.9375 145.111083984375
63.0625 144.5555419921875
66.1875 143.72216796875
69.3125 142.61114501953125
72.4375 141.22222900390625
75.5625 139.83331298828125
79.0 138.16668701171875
82.125 136.5
85.25 134.55560302734375
88.375 132.333251953125
91.8125 129.8333740234375
95.25 126.77777099609375
99.0 123.99993896484375
103.0625 121.2222900390625
107.4375 118.4444580078125
111.8126220703125 115.94439697265625
116.1873779296875 113.4444580078125
119.9375 110.6666259765625
123.375 107.888916015625
126.8125 105.11114501953125
129.9375 102.33331298828125
132.7501220703125 100.11114501953125
135.2501220703125 98.16668701171875
137.1248779296875 96.50006103515625
139.0 96.388916015625
140.5625 95.55548095703125
141.8125 95.0
142.75 94.72222900390625
144.6248779296875 95.0
145.875 95.27777099609375
147.4375 95.8333740234375
149.0 96.388916015625
151.1876220703125 95.94439697265625
153.375 96.50006103515625
155.875 97.0555419921875
158.375 97.611083984375
160.875 98.4444580078125
1 41
25.6875 157.66668701171875
24.4376220703125 157.38885498046875
22.8748779296875 157.111083984375
21.625 157.38885498046875
21.0001220703125 157.66668701171875
20.0625 157.9444580078125
19.125 158.5
18.1875 159.05548095703125
17.25 159.888916015625
16.3125 160.72216796875
15.375 161.27777099609375
14.75 161.5555419921875
14.4373779296875 161.00006103515625
15.375 160.1666259765625
16.9373779296875 159.05548095703125
19.125 157.66668701171875
22.25 156.00006103515625
26.0001220703125 154.05548095703125
30.3748779296875 152.111083984375
35.3748779296875 149.61114501953125
40.3748779296875 146.83331298828125
45.3748779296875 144.0555419921875
50.6875 140.99993896484375
56.0 137.94451904296875
61.9375 134.61114501953125
67.8751220703125 131.55560302734375
73.8126220703125 128.5
80.0625 125.72222900390625
85.375 123.2222900390625
90.6873779296875 120.99993896484375
95.6873779296875 118.77777099609375
100.6873779296875 116.8333740234375
105.375 115.4444580078125
109.7501220703125 114.33331298828125
113.8125 113.5
117.5625 112.94439697265625
120.6876220703125 112.38885498046875
123.1876220703125 111.8333740234375
125.375 111.55560302734375
127.25 111.2777099609375
128.1876220703125 110.72222900390625
1 32
25.75 134.27783203125
26.0625 133.444580078125
26.375 133.1666259765625
28.875 133.444580078125
30.125 133.7222900390625
31.375 134.0
32.9375 134.27783203125
42.625 134.0
45.75 133.7222900390625
48.875 133.444580078125
57.9375 133.1666259765625
61.0625 132.888916015625
64.8125 132.611083984375
68.875 132.0555419921875
72.9375 131.5
77.0 130.9444580078125
81.375 130.111083984375
85.75 129.2777099609375
90.4375 128.4444580078125
95.125 127.611083984375
99.8125 127.0556640625
104.5 126.5
108.875 126.2222900390625
112.9375 125.9443359375
124.5 126.2222900390625
128.25 126.5
138.5625 126.2222900390625
142.0 125.6666259765625
145.75 124.8333740234375
149.8125 123.7222900390625
153.5625 122.611083984375
157.0 121.2222900390625
1 40
35.25 143.444580078125
36.1875 142.611083984375
36.5 142.333251953125
37.125 141.5
37.4375 141.22216796875
37.75 140.9444580078125
38.6875 140.666748046875
44.625 140.388916015625
45.875 140.1112060546875
47.125 139.8333740234375
48.6875 139.27783203125
50.25 138.4444580078125
52.4375 137.611083984375
54.9375 136.5
57.4375 135.3887939453125
60.5625 134.27783203125
63.375 132.888916015625
66.5 131.5
69.625 130.388916015625
73.0625 128.9998779296875
76.1875 127.888916015625
79.3125 127.0556640625
82.4375 126.2222900390625
85.25 125.6666259765625
88.0625 125.111083984375
91.1875 124.8333740234375
94.3125 124.27783203125
97.75 124.0
101.1875 123.7222900390625
104.9375 123.4444580078125
108.6875 123.1666259765625
112.125 122.888916015625
115.5625 122.333251953125
118.6873779296875 121.7777099609375
121.8125 120.9444580078125
124.3125 120.388916015625
126.5 119.8333740234375
128.375 119.2777099609375
129.9375 118.4444580078125
131.1873779296875 117.6112060546875
1 41
34.125 135.888916015625
31.9376220703125 135.3333740234375
31.0 135.611083984375
30.6875 135.888916015625
30.3748779296875 136.1666259765625
30.0625 136.72216796875
31.0 138.666748046875
31.9376220703125 138.1112060546875
33.1875 137.27783203125
34.75 136.4444580078125
36.625 135.611083984375
38.8125 134.77783203125
41.3123779296875 133.9444580078125
44.4376220703125 133.111083984375
47.25 132.27783203125
50.3751220703125 131.444580078125
53.5 130.611083984375
56.9375 129.7777099609375
60.6875 128.9444580078125
64.4375 128.1112060546875
68.1875 127.5555419921875
72.2498779296875 126.9998779296875
76.0 126.4444580078125
80.0625 125.888916015625
83.8126220703125 125.3333740234375
87.2498779296875 124.77783203125
90.375 123.9444580078125
93.5 123.111083984375
96.625 122.27783203125
99.4375 121.1666259765625
102.2501220703125 120.0555419921875
104.7501220703125 118.9444580078125
106.9375 118.111083984375
109.125 117.5555419921875
110.6873779296875 116.72216796875
112.2501220703125 116.4444580078125
113.5 116.1666259765625
114.4375 115.888916015625
117.2501220703125 116.4444580078125
117.5625 117.2777099609375
117.875 116.4444580078125
1 L 1 46
58.25 90.00006103515625
57.625 89.44439697265625
57.3125 89.16668701171875
57.625 88.888916015625
60.125 89.16668701171875
60.4375 88.72216796875
60.75 89.5555419921875
61.0625 90.38885498046875
61.375 91.5
61.6875 94.5555419921875
62.0 96.5
62.3125 98.72216796875
62.625 100.9444580078125
62.9375 103.44439697265625
63.5625 106.5
63.875 109.5555419921875
64.1875 112.88885498046875
64.5 115.9444580078125
64.8125 119.27777099609375
65.125 122.3333740234375
64.8125 133.44451904296875
64.5 139.27777099609375
64.1875 142.05560302734375
64.5 159.8333740234375
66.0625 159.8333740234375
66.6875 159.55548095703125
67.3125 159.0
67.9375 158.4444580078125
68.875 157.611083984375
70.125 156.77783203125
71.6875 155.94439697265625
73.5625 155.11114501953125
75.4375 154.27777099609375
77.625 153.4444580078125
80.125 152.611083984375
83.25 152.0555419921875
86.6875 151.50006103515625
90.4375 151.22216796875
98.875 151.50006103515625
103.25 152.0555419921875
107.625 152.611083984375
111.6875 152.88885498046875
115.75 153.166748046875
129.1875 152.88885498046875
134.1875 152.33331298828125
138.5625 151.50006103515625
1 42
59.3125 109.27777099609375
59.625 108.7222900390625
60.25 109.00006103515625
60.5625 109.5555419921875
61.1875 110.388916015625
61.8125 111.5
62.125 112.61114501953125
62.4375 114.00006103515625
62.75 115.388916015625
63.0625 117.05560302734375
63.375 133.72222900390625
63.6875 136.77783203125
64.0 140.11114501953125
64.3125 143.44451904296875
64.625 146.77783203125
64.9375 167.88885498046875
65.25 168.16668701171875
65.5625 168.4444580078125
65.875 168.72222900390625
66.5 169.2777099609375
67.4375 169.55548095703125
68.375 170.11114501953125
69.625 170.6666259765625
71.5 171.2222900390625
73.375 172.0555419921875
75.875 172.888916015625
78.375 173.72222900390625
80.875 174.2777099609375
83.375 174.55560302734375
85.875 174.8333740234375
90.875 174.55560302734375
93.375 174.0
95.5625 173.4444580078125
97.75 172.611083984375
99.625 172.0555419921875
101.5 171.50006103515625
103.375 170.94439697265625
105.25 170.6666259765625
107.125 170.388916015625
108.6875 170.11114501953125
110.5625 170.388916015625
112.4375 170.94439697265625
1 28
77.0 117.0
76.0 119.0
75.0 124.0
74.0 125.0
73.0 128.0
72.0 134.0
71.0 138.0
72.0 145.0
73.0 152.0
74.0 153.0
75.0 156.0
76.0 157.0
77.0 158.0
78.0 159.0
80.0 160.0
81.0 161.0
83.0 162.0
85.0 163.0
86.0 164.0
87.0 165.0
89.0 168.0
90.0 169.0
92.0 170.0
98.0 169.0
99.0 168.0
103.0 167.0
111.0 165.0
130.0 164.0
1 67
129.5 145.94439697265625
130.125 145.11114501953125
130.4375 144.27777099609375
130.75 143.72222900390625
130.4375 142.33331298828125
130.125 142.0555419921875
129.5 141.77783203125
127.625 142.0555419921875
126.0625 142.611083984375
123.875 143.72222900390625
121.375 144.8333740234375
118.25 146.50006103515625
114.8125 148.16668701171875
111.0625 149.8333740234375
107.0 151.50006103515625
102.9375 153.16668701171875
99.1875 154.55560302734375
95.4375 155.94439697265625
91.6875 157.0555419921875
87.9375 157.611083984375
84.1875 157.888916015625
77.3125 157.611083984375
74.5 157.33331298828125
73.0 156.77777099609375
70.8125 156.2222900390625
68.9375 155.6666259765625
67.375 155.38885498046875
66.125 155.11114501953125
65.1875 154.8333740234375
64.5625 154.55560302734375
64.25 154.2777099609375
64.5625 154.0
64.875 153.72222900390625
65.5 153.4444580078125
66.125 153.16668701171875
66.75 152.888916015625
67.375 152.611083984375
68.0 152.33331298828125
68.625 152.0555419921875
68.9375 151.77777099609375
69.25 151.50006103515625
69.5625 151.2222900390625
69.875 150.94439697265625
69.5625 149.8333740234375
69.25 149.0
68.9375 148.4444580078125
69.25 140.11114501953125
69.5625 137.0555419921875
69.875 133.4444580078125
70.1875 129.8333740234375
70.8125 126.22216796875
71.125 122.611083984375
71.4375 119.0
71.75 115.388916015625
72.0625 111.77783203125
72.375 104.83331298828125
72.6875 103.1666259765625
73.0 102.05560302734375
73.625 100.9444580078125
74.5625 100.111083984375
75.8125 99.27777099609375
77.0625 98.44439697265625
78.3125 97.61114501953125
79.875 96.7777099609375
81.4375 95.66668701171875
83.3125 94.5555419921875
84.5 93.1666259765625
1 46
60.25 93.44439697265625
59.625 93.7222900390625
59.3125 94.00006103515625
59.625 96.22222900390625
59.9375 96.7777099609375
60.25 97.3333740234375
60.875 97.88885498046875
61.5 98.44439697265625
62.125 99.0
62.75 99.83331298828125
63.375 100.66668701171875
64.0 101.7777099609375
64.3125 103.1666259765625
64.625 104.83331298828125
64.9375 106.7777099609375
65.25 109.0
65.5625 111.77783203125
65.875 115.388916015625
66.1875 119.5555419921875
66.5 124.0
67.125 128.72222900390625
67.75 133.4444580078125
68.375 137.88885498046875
69.0 142.0555419921875
69.625 145.6666259765625
70.25 147.72222900390625
70.875 150.50006103515625
71.5 152.72222900390625
71.8125 154.38885498046875
72.125 155.77777099609375
73.375 158.0
78.375 158.2777099609375
81.1875 158.55560302734375
83.0625 158.8333740234375
85.25 159.11114501953125
87.4375 159.38885498046875
93.0625 159.6666259765625
96.5 159.94439697265625
100.25 160.2222900390625
104.625 160.77777099609375
109.0 161.33331298828125
113.375 162.16668701171875
117.7501220703125 162.72222900390625
121.8125 163.2777099609375
125.5625 163.55560302734375
132.1248779296875 163.2777099609375
1 49
65.0625 83.388916015625
64.125 82.5555419921875
63.5 82.27777099609375
63.1875 82.00006103515625
62.8751220703125 81.7222900390625
63.1875 88.388916015625
63.5 90.05560302734375
63.8123779296875 91.7222900390625
64.125 93.66668701171875
64.7498779296875 95.611083984375
65.0625 97.83331298828125
65.3751220703125 100.05560302734375
66.0 102.83331298828125
66.3123779296875 105.88885498046875
66.625 109.22216796875
66.9375 112.5555419921875
67.2498779296875 116.4444580078125
67.5625 120.33331298828125
67.8751220703125 124.50006103515625
68.1875 128.388916015625
68.5 132.27777099609375
67.5625 151.8333740234375
68.1875 150.4444580078125
68.5 150.16668701171875
68.8123779296875 149.888916015625
69.125 149.611083984375
69.4375 149.33331298828125
70.0625 149.0555419921875
70.6875 148.77777099609375
71.3126220703125 148.5
71.9375 148.2222900390625
72.5625 147.94439697265625
73.5 147.6666259765625
74.4375 147.38885498046875
75.6875 147.11114501953125
77.2498779296875 146.8333740234375
78.8126220703125 146.55560302734375
83.5 146.8333740234375
86.0 147.11114501953125
88.5 147.6666259765625
91.0 148.2222900390625
93.5 148.77777099609375
96.0 149.33331298828125
98.5 149.888916015625
101.0 150.16668701171875
103.1873779296875 150.4444580078125
105.0625 150.72222900390625
106.625 150.99993896484375
107.5625 151.2777099609375
9 Reverse L 1 70
55.125 134.8333740234375
53.875 134.2777099609375
53.25 134.0
52.9375 133.4444580078125
53.25 125.388916015625
53.5625 123.4444580078125
53.875 122.33331298828125
54.1875 120.94439697265625
54.5 119.0
55.125 116.77783203125
55.75 114.0
56.375 110.66668701171875
57.3125 107.05560302734375
58.25 104.1666259765625
59.1875 100.27777099609375
60.125 96.388916015625
61.0625 92.49993896484375
61.6875 88.88885498046875
62.3125 85.5555419921875
62.9375 82.49993896484375
63.25 79.7222900390625
63.5625 76.9444580078125
63.875 74.7222900390625
64.1875 72.5
64.8125 70.5555419921875
65.4375 68.61114501953125
66.0625 66.66668701171875
66.6875 64.72216796875
67.625 62.77777099609375
68.5625 60.83331298828125
69.8125 59.1666259765625
71.0625 57.5
72.3125 56.111083984375
73.875 55.00006103515625
75.4375 53.888916015625
77.0 53.05548095703125
78.5625 52.5
80.125 52.22222900390625
83.875 52.5
84.8125 53.05548095703125
85.75 53.61114501953125
86.6875 54.16668701171875
87.3125 54.72216796875
87.9375 55.00006103515625
88.5625 55.27783203125
89.1875 55.5555419921875
89.8125 55.83331298828125
90.125 56.111083984375
90.4375 56.38885498046875
90.75 56.666748046875
91.0625 56.9444580078125
92.3125 57.22222900390625
93.25 57.5
94.1875 57.77777099609375
95.4375 58.05548095703125
96.6875 58.61114501953125
98.5625 59.44439697265625
101.0625 60.5555419921875
104.5 61.66668701171875
108.25 63.05548095703125
112.3125 64.1666259765625
116.6875 65.00006103515625
121.375 65.83331298828125
126.375 66.38885498046875
136.6875 66.111083984375
142.0 65.5555419921875
147.0 64.72216796875
151.6875 64.1666259765625
155.4375 63.61114501953125
160.75 63.888916015625
1 71
72.4375 147.611083984375
71.1875 145.38885498046875
70.875 144.8333740234375
71.1875 143.99993896484375
71.5 142.611083984375
71.8125 141.2222900390625
71.5 131.2222900390625
71.1875 127.611083984375
70.875 123.72222900390625
70.5625 119.55548095703125
70.25 115.11114501953125
69.625 110.66668701171875
69.0 106.49993896484375
68.375 102.33331298828125
68.0625 98.44451904296875
67.75 95.5555419921875
68.0625 88.05560302734375
68.6875 84.7222900390625
69.3125 81.66668701171875
70.25 78.61114501953125
71.5 75.27777099609375
73.0625 72.5
74.625 69.7222900390625
76.1875 67.22222900390625
77.75 65.00006103515625
79.0 63.05548095703125
80.25 61.38885498046875
81.1875 60.00006103515625
82.125 58.888916015625
82.75 58.3333740234375
83.375 58.05548095703125
83.375 60.00006103515625
83.0625 60.83331298828125
82.75 61.66668701171875
82.4375 62.5
82.125 63.888916015625
82.4375 64.72216796875
82.75 65.00006103515625
83.0625 65.27777099609375
83.6875 65.5555419921875
84.3125 65.83331298828125
84.9375 66.111083984375
85.875 66.38885498046875
86.8125 66.9444580078125
87.75 67.22222900390625
89.0 67.5
90.5625 68.05548095703125
92.4375 68.61114501953125
94.625 69.1666259765625
97.4375 69.7222900390625
100.875 70.27777099609375
104.625 71.111083984375
108.6875 71.66668701171875
113.0625 72.22222900390625
117.4375 72.7777099609375
121.8125 73.3333740234375
125.875 73.88885498046875
130.2501220703125 74.44439697265625
134.6248779296875 75.00006103515625
138.6876220703125 75.5555419921875
142.75 76.111083984375
146.5 76.66668701171875
150.25 77.22222900390625
153.6876220703125 78.05560302734375
156.8125 78.88885498046875
159.9375 79.7222900390625
162.75 80.5555419921875
165.25 81.388916015625
167.75 81.9444580078125
170.5623779296875 82.49993896484375
173.375 82.7777099609375
1 78
48.8123779296875 148.0555419921875
47.5625 147.2222900390625
51.0 147.5
52.25 146.6666259765625
53.8123779296875 144.99993896484375
55.3751220703125 142.5
57.25 139.72222900390625
59.4375 136.11114501953125
61.625 131.6666259765625
63.8123779296875 127.6666259765625
65.6875 122.11114501953125
67.5625 116.8333740234375
69.4375 111.8333740234375
71.0 107.11114501953125
72.5625 102.9444580078125
73.8126220703125 99.05560302734375
74.7498779296875 95.44451904296875
75.6875 92.11114501953125
76.3126220703125 89.3333740234375
76.9375 86.83331298828125
77.2498779296875 84.61114501953125
77.5625 82.388916015625
78.1875 80.44439697265625
78.8126220703125 77.9444580078125
79.7498779296875 76.00006103515625
80.375 73.7777099609375
81.0 71.5555419921875
81.625 69.3333740234375
82.2498779296875 67.38885498046875
82.5625 65.72216796875
82.875 64.3333740234375
83.5 62.9444580078125
83.8126220703125 61.83331298828125
84.125 61.00006103515625
84.4375 60.44439697265625
85.0625 60.1666259765625
86.3126220703125 60.44439697265625
86.9375 61.00006103515625
87.5625 61.83331298828125
88.1873779296875 62.9444580078125
88.8126220703125 64.05548095703125
89.4375 65.44439697265625
90.0625 66.83331298828125
90.6873779296875 67.9444580078125
91.3126220703125 69.05548095703125
91.625 69.888916015625
91.9375 70.7222900390625
92.2498779296875 71.27777099609375
92.5625 71.83331298828125
92.875 72.388916015625
93.1873779296875 72.66668701171875
93.5 72.9444580078125
95.6873779296875 73.22222900390625
96.3126220703125 73.5
97.2501220703125 73.7777099609375
100.0625 74.05560302734375
106.625 73.7777099609375
109.7501220703125 73.5
112.875 72.9444580078125
116.3125 72.388916015625
120.0625 71.83331298828125
123.8125 71.27777099609375
127.5625 70.7222900390625
131.0 70.1666259765625
134.4375 69.61114501953125
137.875 69.05548095703125
141.3125 68.5
144.75 68.22222900390625
148.5 67.9444580078125
159.1251220703125 68.22222900390625
162.25 68.5
165.0626220703125 69.05548095703125
167.5626220703125 69.61114501953125
169.4375 70.1666259765625
170.9998779296875 70.44439697265625
172.25 70.7222900390625
173.1875 71.00006103515625
172.5626220703125 71.83331298828125
1 60
72.0 143.4444580078125
70.125 143.72216796875
69.5 143.72216796875
69.1875 140.6666259765625
68.875 138.4444580078125
68.5625 130.94451904296875
68.875 122.33331298828125
69.1875 119.0
69.5 115.6666259765625
70.125 112.0555419921875
70.75 108.16668701171875
71.375 104.0
72.3125 99.8333740234375
73.25 95.388916015625
74.1875 90.94439697265625
75.125 85.9444580078125
76.0625 80.66668701171875
77.0 75.11114501953125
77.625 69.27777099609375
77.9375 64.0
78.5625 59.0
78.875 54.27777099609375
79.1875 50.388916015625
79.8125 39.83331298828125
80.125 40.38885498046875
80.75 40.9444580078125
81.375 41.5
82.0 42.05548095703125
82.3125 42.3333740234375
82.625 42.61114501953125
83.25 42.3333740234375
83.5625 42.05548095703125
83.875 41.5
84.1875 41.22222900390625
84.5 40.9444580078125
84.8125 40.66668701171875
87.0 40.9444580078125
87.625 41.22222900390625
91.375 40.9444580078125
92.625 40.38885498046875
94.1875 39.83331298828125
96.0625 39.27783203125
98.25 38.44439697265625
101.0625 37.61114501953125
104.1875 37.05548095703125
107.9375 36.77777099609375
111.6875 36.5
115.4375 36.22222900390625
127.3125 36.5
131.6875 36.77777099609375
135.75 37.05548095703125
139.8125 37.3333740234375
143.5625 37.61114501953125
150.4375 37.3333740234375
153.5625 36.77777099609375
156.6875 35.9444580078125
159.8125 34.5555419921875
162.625 32.888916015625
165.4375 30.9444580078125
168.25 28.72216796875
1 73
67.125 132.72222900390625
64.9375 131.888916015625
64.3125 131.61114501953125
64.625 131.888916015625
64.9375 132.4444580078125
65.5625 132.99993896484375
66.1875 133.8333740234375
67.125 134.6666259765625
68.0625 135.5
69.0 136.61114501953125
69.625 137.72216796875
70.25 139.111083984375
70.5625 140.22222900390625
70.875 141.333251953125
71.1875 142.4444580078125
70.875 146.0555419921875
70.5625 146.61114501953125
69.3125 146.333251953125
68.6875 145.5
68.0625 144.111083984375
67.75 142.16668701171875
67.125 139.94451904296875
66.5 137.16668701171875
65.875 134.38885498046875
65.5625 131.61114501953125
64.9375 128.55560302734375
64.625 125.5
64.0 122.4444580078125
63.6875 119.11114501953125
63.375 115.77777099609375
63.6875 100.6666259765625
64.3125 95.94439697265625
65.25 91.22216796875
66.5 86.77783203125
68.0625 82.33331298828125
69.9375 77.88885498046875
71.8125 73.72222900390625
73.6875 69.83331298828125
75.5625 66.7777099609375
77.4375 64.27777099609375
79.0 62.3333740234375
80.25 60.66668701171875
81.5 59.5555419921875
82.4375 59.0
84.0 59.5555419921875
84.3125 60.388916015625
84.0 64.5555419921875
83.375 65.9444580078125
83.0625 67.05560302734375
82.75 68.1666259765625
82.4375 69.0
82.125 69.5555419921875
81.8125 69.83331298828125
86.1875 70.11114501953125
95.875 69.83331298828125
99.0 69.5555419921875
110.5625 69.27777099609375
123.0625 69.5555419921875
148.375 69.27777099609375
151.1876220703125 69.0
153.6876220703125 68.7222900390625
155.875 68.44451904296875
157.75 67.88885498046875
159.3125 67.3333740234375
160.5623779296875 66.7777099609375
161.5 66.22222900390625
162.1251220703125 65.9444580078125
162.4375 65.66668701171875
162.1251220703125 65.111083984375
161.8125 65.66668701171875
162.1251220703125 67.3333740234375
162.75 68.1666259765625
163.375 69.0
1 85
74.7498779296875 152.66668701171875
73.8126220703125 152.38885498046875
72.8751220703125 152.66668701171875
72.5625 152.9444580078125
71.9375 153.22222900390625
70.3751220703125 152.9444580078125
69.7498779296875 152.38885498046875
69.4375 151.5555419921875
69.125 150.44439697265625
68.8123779296875 148.77777099609375
68.5 146.00006103515625
68.8123779296875 122.55560302734375
69.125 116.72222900390625
69.4375 110.888916015625
69.7498779296875 105.0555419921875
70.0625 99.2222900390625
70.3751220703125 70.88885498046875
70.6875 69.77783203125
71.0 69.22216796875
71.3126220703125 68.66668701171875
71.625 68.388916015625
71.3126220703125 68.9444580078125
71.0 69.22216796875
70.6875 69.77783203125
70.3751220703125 70.33331298828125
70.0625 70.88885498046875
69.7498779296875 71.1666259765625
69.4375 71.72222900390625
70.6875 72.0
71.625 71.44451904296875
73.1875 70.611083984375
75.0625 69.77783203125
77.2498779296875 68.66668701171875
80.0625 67.5555419921875
83.1875 66.44451904296875
86.3126220703125 65.3333740234375
89.4375 64.22216796875
92.5625 63.388916015625
95.6873779296875 62.5555419921875
98.8126220703125 61.72222900390625
101.9375 60.88885498046875
105.375 60.05560302734375
108.5 59.49993896484375
117.5625 59.77783203125
120.0625 60.05560302734375
121.9375 60.88885498046875
123.5 61.44451904296875
125.0625 62.0
126.3125 62.5555419921875
127.25 62.83331298828125
127.875 63.388916015625
128.1876220703125 63.66668701171875
128.5 63.9444580078125
129.75 63.66668701171875
130.0625 63.388916015625
130.6876220703125 63.11114501953125
131.3125 62.5555419921875
132.25 62.0
133.5 61.44451904296875
134.75 60.88885498046875
136.0 60.05560302734375
136.9375 59.77783203125
139.75 60.05560302734375
140.375 60.3333740234375
141.0 61.1666259765625
141.3125 61.72222900390625
141.6251220703125 62.27777099609375
141.9375 62.83331298828125
142.25 63.388916015625
142.5623779296875 63.66668701171875
142.875 64.49993896484375
143.5 64.22216796875
144.1251220703125 63.9444580078125
144.4375 63.388916015625
145.0623779296875 62.83331298828125
145.375 62.27777099609375
146.0 61.72222900390625
146.3125 61.1666259765625
146.6251220703125 60.88885498046875
146.9375 60.3333740234375
146.6251220703125 60.88885498046875
146.3125 61.44451904296875
146.0 62.0
145.6876220703125 62.83331298828125
145.375 63.388916015625
19 Left square bracket 1 98
123.5625 80.0
122.9375 78.05560302734375
122.3125 76.9444580078125
121.6875 76.111083984375
120.75 75.83331298828125
120.125 75.5555419921875
118.25 75.27777099609375
117.0 75.00006103515625
116.375 74.7222900390625
115.75 74.44439697265625
115.125 74.1666259765625
114.5 73.61114501953125
113.875 73.05560302734375
113.25 72.5
112.625 71.9444580078125
112.0 71.111083984375
111.0625 70.27777099609375
110.125 69.44439697265625
108.875 68.888916015625
107.625 68.3333740234375
106.0625 68.05548095703125
104.1875 67.7777099609375
96.6875 68.05548095703125
93.5625 68.3333740234375
90.125 68.888916015625
86.375 69.44439697265625
82.0 70.00006103515625
77.625 70.5555419921875
73.25 71.111083984375
69.875 71.66668701171875
65.8125 71.9444580078125
62.375 72.22222900390625
59.25 72.5
45.5 72.22222900390625
38.9375 72.7777099609375
39.25 73.3333740234375
39.875 74.1666259765625
40.8125 75.00006103515625
41.75 75.83331298828125
42.6875 76.66668701171875
43.9375 78.05560302734375
44.875 79.1666259765625
45.8125 80.27777099609375
46.75 81.66668701171875
47.6875 83.05560302734375
48.625 84.44439697265625
49.25 85.83331298828125
49.875 87.22222900390625
50.5 88.611083984375
51.125 90.0
51.75 91.388916015625
52.375 93.05560302734375
53.0 94.72222900390625
53.625 96.66668701171875
54.25 98.88885498046875
55.1875 101.11114501953125
56.125 103.611083984375
56.75 106.11114501953125
57.6875 108.88885498046875
58.625 111.66668701171875
59.5625 114.4444580078125
60.5 117.50006103515625
61.125 119.27777099609375
61.75 121.77783203125
62.375 124.27777099609375
62.6875 126.77777099609375
63.0 129.0
63.3125 131.2222900390625
63.625 133.4444580078125
63.9375 135.38885498046875
64.25 137.0555419921875
63.9375 142.888916015625
63.625 143.72222900390625
63.3125 144.2777099609375
62.6875 144.55560302734375
62.375 144.8333740234375
61.4375 144.55560302734375
61.125 144.2777099609375
61.4375 142.611083984375
61.75 142.0555419921875
62.375 141.2222900390625
63.3125 140.38885498046875
64.5625 139.55560302734375
65.8125 138.72222900390625
67.375 138.16668701171875
69.25 137.611083984375
71.75 137.0555419921875
74.25 136.50006103515625
75.75 136.2222900390625
78.5625 135.94439697265625
81.375 135.6666259765625
89.8125 135.94439697265625
92.3125 136.2222900390625
94.8125 136.77777099609375
97.3125 137.33331298828125
99.5 138.16668701171875
101.6875 139.0
102.9375 139.55560302734375
1 83
97.75 80.83331298828125
98.0625 76.111083984375
97.75 73.05560302734375
97.125 72.5
96.1875 71.9444580078125
94.9375 71.388916015625
93.375 70.83331298828125
90.875 70.27777099609375
88.0625 70.00006103515625
84.625 69.7222900390625
80.875 69.44439697265625
72.4375 69.7222900390625
68.0625 70.00006103515625
64.0 70.27777099609375
59.625 70.5555419921875
54.9375 70.83331298828125
50.875 71.111083984375
48.125 71.388916015625
44.6875 71.66668701171875
41.875 71.9444580078125
31.25 72.22222900390625
30.3125 72.5
29.6875 73.05560302734375
29.0625 73.61114501953125
28.75 74.44439697265625
29.0625 76.388916015625
29.6875 77.5
30.3125 79.1666259765625
31.25 80.5555419921875
32.5 81.9444580078125
33.75 83.3333740234375
35.3125 84.7222900390625
37.1875 86.388916015625
39.0625 87.3333740234375
40.9375 89.27777099609375
42.8125 91.49993896484375
44.375 94.0
45.625 96.77783203125
46.875 99.5555419921875
47.8125 102.611083984375
48.75 105.66668701171875
48.6875 108.72222900390625
49.625 111.77783203125
50.5625 114.27777099609375
51.1875 116.77783203125
51.8125 119.0
52.4375 120.94439697265625
53.0625 122.611083984375
53.6875 123.72222900390625
54.3125 124.8333740234375
54.625 125.6666259765625
54.9375 126.22216796875
55.25 126.77777099609375
55.5625 127.0555419921875
55.25 129.8333740234375
54.625 130.94439697265625
54.0 132.33331298828125
53.375 134.0
52.75 135.6666259765625
52.125 137.33331298828125
51.5 138.72222900390625
50.875 140.11114501953125
50.5625 141.2222900390625
50.25 142.0555419921875
49.9375 142.611083984375
50.25 142.33331298828125
50.5625 141.77777099609375
51.1875 141.2222900390625
51.8125 140.38885498046875
52.75 139.8333740234375
54.0 139.2777099609375
55.25 138.72222900390625
56.8125 138.16668701171875
59.3125 137.888916015625
61.8125 137.611083984375
100.5625 137.888916015625
103.6875 138.16668701171875
106.5 138.72222900390625
109.0 139.2777099609375
111.5 139.8333740234375
113.6873779296875 140.38885498046875
115.875 140.94439697265625
118.0625 141.5
1 91
98.5 134.0555419921875
97.875 133.50006103515625
97.875 134.611083984375
92.5625 134.888916015625
90.0625 135.16668701171875
86.9375 135.4444580078125
83.5 136.0
79.7498779296875 136.8333740234375
75.3751220703125 137.94439697265625
71.0 139.33331298828125
66.3123779296875 140.4444580078125
61.625 141.55560302734375
56.625 142.38885498046875
51.9376220703125 143.2222900390625
48.25 143.77777099609375
43.8748779296875 144.0555419921875
36.0625 143.77777099609375
32.625 143.2222900390625
29.8125 142.6666259765625
27.3125 142.11114501953125
25.125 141.55560302734375
23.25 141.0
21.6875 140.72222900390625
20.125 140.4444580078125
19.1875 140.16668701171875
18.25 139.888916015625
16.0625 140.16668701171875
15.4373779296875 140.4444580078125
15.125 140.72222900390625
14.8125 141.0
15.125 142.11114501953125
15.4373779296875 142.38885498046875
16.6875 142.11114501953125
17.0001220703125 141.8333740234375
17.3125 141.55560302734375
17.625 141.0
17.9373779296875 140.4444580078125
18.5625 139.611083984375
18.8748779296875 138.77777099609375
19.1875 137.38885498046875
19.8125 135.72222900390625
20.4373779296875 133.50006103515625
21.3748779296875 130.72222900390625
22.3125 127.11114501953125
23.5625 122.94439697265625
24.8125 118.22216796875
26.3748779296875 113.22216796875
27.625 108.22216796875
29.1875 103.49993896484375
30.4376220703125 99.05560302734375
31.3748779296875 94.88885498046875
32.3125 91.27777099609375
32.9376220703125 88.22222900390625
33.5625 86.0
34.1875 84.05560302734375
34.5 82.66668701171875
34.8125 81.5555419921875
35.125 81.0
35.75 80.7222900390625
36.3748779296875 80.44439697265625
37.0 80.1666259765625
38.8748779296875 79.88885498046875
39.1875 79.61114501953125
39.8125 79.3333740234375
40.4376220703125 79.05560302734375
40.75 78.5
41.3748779296875 78.22222900390625
41.6875 77.9444580078125
43.5625 78.22222900390625
44.1875 79.05560302734375
44.8123779296875 79.88885498046875
45.4376220703125 80.7222900390625
46.3748779296875 81.83331298828125
47.625 82.66668701171875
48.8751220703125 83.49993896484375
49.4376220703125 84.3333740234375
51.3123779296875 84.88885498046875
53.5 85.1666259765625
59.75 84.88885498046875
63.8123779296875 84.3333740234375
68.1875 83.7777099609375
72.8751220703125 82.9444580078125
78.1875 82.111083984375
83.5 81.27777099609375
88.5 80.44439697265625
93.5 79.61114501953125
98.5 79.05560302734375
103.1873779296875 78.22222900390625
107.5625 77.9444580078125
115.0625 78.22222900390625
118.1876220703125 79.05560302734375
1 74
116.0625 139.27783203125
111.375 139.8333740234375
109.8125 140.6666259765625
108.875 141.22222900390625
107.625 142.0555419921875
106.0625 142.888916015625
104.1875 143.99993896484375
102.0 145.111083984375
99.8125 145.94451904296875
97.3125 146.5
94.8125 146.77777099609375
89.5 146.5
86.375 146.22222900390625
83.25 145.6666259765625
80.125 144.83331298828125
77.0 143.99993896484375
74.1875 142.888916015625
71.375 141.77777099609375
68.875 140.94451904296875
66.375 140.111083984375
64.1875 139.27783203125
62.3125 138.16668701171875
61.4375 137.61114501953125
59.5625 137.33331298828125
57.6875 137.0555419921875
53.625 137.33331298828125
52.6875 137.61114501953125
51.75 137.888916015625
50.8125 138.16668701171875
50.1875 138.4444580078125
49.5625 138.72216796875
48.9375 139.27783203125
48.3125 139.55560302734375
48.0 139.8333740234375
47.6875 140.111083984375
47.375 140.38885498046875
47.0625 140.94451904296875
46.75 141.22222900390625
46.4375 141.5
46.125 141.77777099609375
45.5 141.22222900390625
45.1875 140.38885498046875
44.875 139.27783203125
44.5625 104.0
44.25 98.72222900390625
44.5625 75.11114501953125
44.875 71.49993896484375
45.1875 68.7222900390625
45.5 66.49993896484375
45.8125 64.83331298828125
46.4375 63.7222900390625
47.0625 63.1666259765625
47.6875 62.61114501953125
48.625 62.88885498046875
49.25 63.1666259765625
48.9375 64.83331298828125
48.625 65.111083984375
48.3125 65.388916015625
48.0 65.66668701171875
48.3125 66.7777099609375
48.625 67.05560302734375
49.25 67.3333740234375
49.875 67.611083984375
52.0625 67.88885498046875
67.625 67.611083984375
76.0625 67.3333740234375
80.75 67.05560302734375
85.4375 66.7777099609375
109.8125 67.05560302734375
113.5625 67.611083984375
117.0 68.1666259765625
120.125 68.7222900390625
122.625 69.5555419921875
124.8125 70.388916015625
1 77
105.875 141.5
104.625 140.38885498046875
104.0 140.111083984375
103.375 139.55560302734375
102.125 139.27783203125
101.5 138.72216796875
100.875 138.4444580078125
99.9375 138.16668701171875
99.0 137.888916015625
97.75 137.61114501953125
96.5 137.33331298828125
94.9375 137.0555419921875
93.0625 136.77777099609375
90.875 136.5
88.375 136.22222900390625
85.25 135.94451904296875
81.8125 135.6666259765625
68.6875 135.94451904296875
64.0 136.5
58.6875 137.33331298828125
53.0625 138.16668701171875
49.0625 139.27783203125
44.375 140.111083984375
40.0 140.6666259765625
35.9375 141.22222900390625
32.5 141.5
25.0 141.22222900390625
22.1875 140.94451904296875
21.25 140.6666259765625
20.625 140.38885498046875
21.25 139.8333740234375
20.9375 131.5
20.625 106.22216796875
20.0 102.33331298828125
19.375 98.72222900390625
18.75 95.11114501953125
18.125 92.0555419921875
17.5 89.0
17.1875 86.22216796875
16.875 83.72222900390625
16.5625 81.49993896484375
16.875 77.88885498046875
17.1875 76.22216796875
17.5 74.83331298828125
18.125 73.72222900390625
18.75 72.88885498046875
19.375 71.77783203125
20.0 71.49993896484375
20.625 71.22222900390625
21.25 70.9444580078125
21.875 70.66668701171875
23.75 70.388916015625
25.3125 70.11114501953125
26.875 69.83331298828125
28.75 69.5555419921875
30.9375 69.27777099609375
32.5 69.0
34.375 68.7222900390625
39.0625 68.44451904296875
41.875 68.1666259765625
45.0 67.88885498046875
48.75 67.611083984375
57.5 67.88885498046875
61.8125 68.44451904296875
67.4375 69.0
72.75 69.83331298828125
78.0625 70.66668701171875
83.375 71.22222900390625
88.6875 72.05560302734375
94.0 72.88885498046875
99.3125 73.72222900390625
104.0 74.27777099609375
108.6875 74.83331298828125
113.0625 75.388916015625
117.4375 75.66668701171875
124.9375 75.388916015625
127.7501220703125 74.0
1 92
99.7501220703125 79.77783203125
99.4375 78.94439697265625
99.7501220703125 77.8333740234375
99.125 77.0
98.1873779296875 76.1666259765625
96.9375 75.33331298828125
95.375 74.49993896484375
93.5 73.66668701171875
91.3126220703125 72.833251953125
88.5 72.27777099609375
81.3126220703125 72.5555419921875
76.9375 73.11114501953125
72.5625 73.9444580078125
67.8751220703125 74.77783203125
62.8751220703125 75.611083984375
57.5625 76.4444580078125
51.9376220703125 77.27777099609375
46.3123779296875 78.11114501953125
41.6875 78.66668701171875
36.6875 79.22216796875
32.0 79.50006103515625
23.5625 79.22216796875
20.125 78.94439697265625
17.0001220703125 78.388916015625
14.1875 77.8333740234375
12.0001220703125 77.27777099609375
10.125 76.72222900390625
8.875 76.4444580078125
7.625 76.1666259765625
6.6875 75.88885498046875
6.0626220703125 75.611083984375
6.0626220703125 77.27777099609375
6.375 78.11114501953125
6.6875 78.94439697265625
7.0001220703125 79.77783203125
7.3125 80.88885498046875
7.625 82.0
7.9373779296875 83.11114501953125
8.25 84.22216796875
8.5625 85.33331298828125
8.875 86.4444580078125
9.1875 88.94439697265625
9.5001220703125 90.33331298828125
9.8125 91.72222900390625
10.125 93.388916015625
10.4373779296875 95.0555419921875
11.0625 97.0
11.6875 98.94439697265625
12.3125 101.16668701171875
13.25 103.38885498046875
14.1875 105.888916015625
15.125 108.38885498046875
16.0625 111.16668701171875
17.3125 114.2222900390625
18.25 117.2777099609375
19.5001220703125 120.0555419921875
20.4373779296875 121.8333740234375
21.3748779296875 124.33331298828125
22.3125 127.111083984375
22.9373779296875 129.333251953125
23.5625 131.55560302734375
24.1875 133.22222900390625
24.5001220703125 134.888916015625
24.8125 136.27783203125
25.125 137.38885498046875
24.1875 140.16668701171875
23.25 140.44439697265625
22.625 140.16668701171875
22.3125 139.888916015625
22.0001220703125 139.61114501953125
22.3125 137.9444580078125
22.625 137.6666259765625
22.9373779296875 137.38885498046875
23.5625 137.111083984375
24.5001220703125 136.83331298828125
27.3125 136.55560302734375
29.1875 136.27783203125
34.5 136.83331298828125
38.25 137.111083984375
42.3123779296875 137.38885498046875
46.3748779296875 137.6666259765625
49.75 137.9444580078125
64.125 137.6666259765625
69.125 137.111083984375
74.125 136.55560302734375
79.4375 135.72216796875
83.8126220703125 135.16668701171875
87.875 134.888916015625
91.0 134.61114501953125
93.5 134.888916015625
95.375 135.4444580078125
96.3126220703125 136.55560302734375
